22
0000
101
111000
1
021
312
4
221
623672986357978589429562472762104904743436439037277762643107421239922369419434494648810416337846957
000000000000000000000000000000000000000000000000000000000000000000000000000000000000000000000000000
111111111111111111111111111111111111111111111111111111111111111111111111111111111111111111111111111
222222222222222222222222222222222222222222222222222222222222222222222222222222222222222222222222222
333333333333333333333333333333333333333333333333333333333333333333333333333333333333333333333333333
444444444444444444444444444444444444444444444444444444444444444444444444444444444444444444444444444
555555555555555555555555555555555555555555555555555555555555555555555555555555555555555555555555555
666666666666666666666666666666666666666666666666666666666666666666666666666666666666666666666666666
777777777777777777777777777777777777777777777777777777777777777777777777777777777777777777777777777
888888888888888888888888888888888888888888888888888888888888888888888888888888888888888888888888888
999999999999999999999999999999999999999999999999999999999999999999999999999999999999999999999999999
012345678987654321012345678987654321012345678987654321012345678987654321012345678987654321012345678
9876543210123456789
0123456789876543210