Case #1:
10000000000000000000000000000101 7 13 3 7 7 7 7 7 7
10000000000000000000000000000001 3 2 5 7 7 7 7 7 7
10000000000000000000000000000111 3 2 5 7 7 7 7 7 7
10000000000000000000000000001101 3 2 5 7 7 7 7 7 7
10000000000000000000000000000011 83 7 3 7 7 7 7 7 7
10000000000000000000000000001001 11 5 3 7 7 7 7 7 7
10000000000000000000000000010001 5 67 3 7 7 7 7 7 7
10000000000000000000000000010101 29 2 397 7 7 7 7 7 7
10000000000000000000000000010011 3 2 5 7 7 7 7 7 7
10000000000000000000000000011001 3 2 5 7 7 7 7 7 7
10000000000000000000000000001111 13 149 197123 7 7 7 7 7 7
10000000000000000000000000011101 31 5 11 7 7 7 7 7 7
10000000000000000000000000011111 3 2 3 7 7 7 7 7 7
10000000000000000000000000100001 7 13 3 7 7 7 7 7 7
10000000000000000000000000100011 19 2 89 7 7 7 7 7 7
10000000000000000000000000100101 3 2 5 7 7 7 7 7 7
10000000000000000000000000100111 107 7 23 7 7 7 7 7 7
10000000000000000000000000101001 13 2 24989 7 7 7 7 7 7
10000000000000000000000000101011 3 163 19 7 7 7 7 7 7
10000000000000000000000000101111 5 2 3 7 7 7 7 7 7
10000000000000000000000000110001 3 2 5 7 7 7 7 7 7
10000000000000000000000000110111 3 2 3 7 7 7 7 7 7
10000000000000000000000000111001 5 317 47 7 7 7 7 7 7
10000000000000000000000000111011 17 2 3 7 7 7 7 7 7
10000000000000000000000000111101 3 2 3 7 7 7 7 7 7
10000000000000000000000001000011 3 2 5 7 7 7 7 7 7
10000000000000000000000001000101 373 2 563 7 7 7 7 7 7
10000000000000000000000001000111 709 17 13 7 7 7 7 7 7
10000000000000000000000001001001 3 2 5 7 7 7 7 7 7
10000000000000000000000001001011 7 7 11 7 7 7 7 7 7
10000000000000000000000001001111 3 2 3 7 7 7 7 7 7
10000000000000000000000001010001 13337 2 47 7 7 7 7 7 7
10000000000000000000000001010011 181 29 7 7 7 7 7 7 7
10000000000000000000000001010111 5 2 3 7 7 7 7 7 7
10000000000000000000000001011011 3 2 3 7 7 7 7 7 7
10000000000000000000000001011101 13 2 3 7 7 7 7 7 7
10000000000000000000000001100001 3 2 5 7 7 7 7 7 7
10000000000000000000000001100011 1933 11 1483423 7 7 7 7 7 7
10000000000000000000000001011001 7 5 43992547 7 7 7 7 7 7
10000000000000000000000001100111 3 2 3 7 7 7 7 7 7
10000000000000000000000001101011 5 2 3 7 7 7 7 7 7
10000000000000000000000001101101 3 2 3 7 7 7 7 7 7
10000000000000000000000001101111 19 7 67 7 7 7 7 7 7
10000000000000000000000001110011 3 2 3 7 7 7 7 7 7
10000000000000000000000001110101 5 2 3 7 7 7 7 7 7
10000000000000000000000001110111 11 1093 11 7 7 7 7 7 7
10000000000000000000000001111001 3 2 3 7 7 7 7 7 7
10000000000000000000000001111101 41 7013 167 7 7 7 7 7 7
10000000000000000000000001111111 3 2 5 7 7 7 7 7 7
10000000000000000000000010000011 7 2 13 7 7 7 7 7 7
10000000000000000000000010000101 3 2 5 7 7 7 7 7 7
10000000000000000000000010001001 5 2 2179 7 7 7 7 7 7
10000000000000000000000010001011 3 5 7 7 7 7 7 7 7
10000000000000000000000010001101 11 103 1951 7 7 7 7 7 7
10000000000000000000000010001111 359 2 3 7 7 7 7 7 7
10000000000000000000000010010001 3 2 5 7 7 7 7 7 7
10000000000000000000000010010011 5 7 887 7 7 7 7 7 7
10000000000000000000000010010101 19 5 223 7 7 7 7 7 7
10000000000000000000000010010111 3 2 3 7 7 7 7 7 7
10000000000000000000000010011001 31 11 7 7 7 7 7 7 7
10000000000000000000000010011011 23 2 3 7 7 7 7 7 7
10000000000000000000000010011101 3 2 3 7 7 7 7 7 7
10000000000000000000000010011111 7 5 1373 7 7 7 7 7 7
10000000000000000000000010100001 17 2 11 7 7 7 7 7 7
10000000000000000000000010100011 3 1429 463 7 7 7 7 7 7
10000000000000000000000010100111 5 2 3 7 7 7 7 7 7
10000000000000000000000010101001 3 5 53 7 7 7 7 7 7
10000000000000000000000010101011 13 2 3 7 7 7 7 7 7
10000000000000000000000010101101 7 2 3 7 7 7 7 7 7
10000000000000000000000010110001 5 23 607 7 7 7 7 7 7
10000000000000000000000010110011 11197 2 3 7 7 7 7 7 7
10000000000000000000000010110101 3 2 3 7 7 7 7 7 7
10000000000000000000000010110111 2207 7 7 7 7 7 7 7 7
10000000000000000000000010111001 11 2 3 7 7 7 7 7 7
10000000000000000000000010111011 3 353 491 7 7 7 7 7 7
10000000000000000000000010111101 157 5 18143 7 7 7 7 7 7
10000000000000000000000010111111 53 2 41 7 7 7 7 7 7
10000000000000000000000011000001 3 2 5 7 7 7 7 7 7
10000000000000000000000011000011 17 337 7 7 7 7 7 7 7
10000000000000000000000011000101 5 23 13 7 7 7 7 7 7
10000000000000000000000011000111 3 2 3 7 7 7 7 7 7
10000000000000000000000011001001 7 7 601 7 7 7 7 7 7
10000000000000000000000011001011 73 2 3 7 7 7 7 7 7
10000000000000000000000011001101 3 2 3 7 7 7 7 7 7
10000000000000000000000011001111 5 11 199 7 7 7 7 7 7
10000000000000000000000011010011 3 2 3 7 7 7 7 7 7
10000000000000000000000011010101 191 2 3 7 7 7 7 7 7
10000000000000000000000011010111 7 11953 13 7 7 7 7 7 7
10000000000000000000000011011001 3 2 3 7 7 7 7 7 7
10000000000000000000000011011111 3 2 5 7 7 7 7 7 7
10000000000000000000000011100001 19 1433 149 7 7 7 7 7 7
10000000000000000000000011100011 5 2 3 7 7 7 7 7 7
10000000000000000000000011100101 3 2 3 7 7 7 7 7 7
10000000000000000000000011101001 3847 2 3 7 7 7 7 7 7
10000000000000000000000011101011 3 17 269 7 7 7 7 7 7
10000000000000000000000011101101 5 7 5861 7 7 7 7 7 7
10000000000000000000000011110001 3 2 3 7 7 7 7 7 7
10000000000000000000000011110011 7 139 11 7 7 7 7 7 7
10000000000000000000000011110111 3 2 5 7 7 7 7 7 7
10000000000000000000000011111001 13 5 4177 7 7 7 7 7 7
10000000000000000000000011111011 11 2 7 7 7 7 7 7 7
10000000000000000000000011111101 3 2 5 7 7 7 7 7 7
10000000000000000000000011111111 28619 7 3 7 7 7 7 7 7
10000000000000000000000100000001 5 13 3 7 7 7 7 7 7
10000000000000000000000100000011 3 2 5 7 7 7 7 7 7
10000000000000000000000100000101 47 2 383 7 7 7 7 7 7
10000000000000000000000100001001 3 2 5 7 7 7 7 7 7
10000000000000000000000100001011 5 2039 101 7 7 7 7 7 7
10000000000000000000000100001101 101 5 19 7 7 7 7 7 7
10000000000000000000000100001111 3 2 3 7 7 7 7 7 7
10000000000000000000000100010001 11 2 191 7 7 7 7 7 7
10000000000000000000000100010011 13 47 163 7 7 7 7 7 7
10000000000000000000000100010101 3 11 11 7 7 7 7 7 7
10000000000000000000000100010111 2293 2 3 7 7 7 7 7 7
10000000000000000000000100011011 3 2 3 7 7 7 7 7 7
10000000000000000000000100011101 7 2 3 7 7 7 7 7 7
10000000000000000000000100011111 5 7 17273329 7 7 7 7 7 7
10000000000000000000000100100001 3 2 5 7 7 7 7 7 7
10000000000000000000000100100101 23 79 67 7 7 7 7 7 7
10000000000000000000000100100111 3 2 3 7 7 7 7 7 7
10000000000000000000000100101001 5 239 2711 7 7 7 7 7 7
10000000000000000000000100101011 7 2 3 7 7 7 7 7 7
10000000000000000000000100101101 3 2 3 7 7 7 7 7 7
10000000000000000000000100100011 79 5 113369981 7 7 7 7 7 7
10000000000000000000000100110011 3 2 3 7 7 7 7 7 7
10000000000000000000000100110101 439 2 3 7 7 7 7 7 7
10000000000000000000000100111001 3 2 3 7 7 7 7 7 7
10000000000000000000000100000111 17 27941 471267323 7 7 7 7 7 7
10000000000000000000000100111101 5 105499 29 7 7 7 7 7 7
10000000000000000000000100111111 3 2 5 7 7 7 7 7 7
10000000000000000000000101000011 6379 211 11 7 7 7 7 7 7
10000000000000000000000101000101 3 902347 965191 7 7 7 7 7 7
10000000000000000000000101000111 5 2 3 7 7 7 7 7 7
10000000000000000000000101001001 103 5 17569 7 7 7 7 7 7
10000000000000000000000101001011 3 2 3 7 7 7 7 7 7
10000000000000000000000101001101 17077 2 3 7 7 7 7 7 7
10000000000000000000000101010011 11 2 3 7 7 7 7 7 7
10000000000000000000000101010101 7 2 3 7 7 7 7 7 7
10000000000000000000000101010111 3 44741 151 7 7 7 7 7 7
10000000000000000000000101011101 3 5 197 7 7 7 7 7 7
10000000000000000000000101100011 3 2 3 7 7 7 7 7 7
10000000000000000000000101100101 5 2 3 7 7 7 7 7 7
10000000000000000000000101101001 3 2 3 7 7 7 7 7 7
10000000000000000000000101101011 2377 7 29 7 7 7 7 7 7
10000000000000000000000101101101 17 769 11 7 7 7 7 7 7
10000000000000000000000101101111 3 2 5 7 7 7 7 7 7
10000000000000000000000101110001 7 2 3 7 7 7 7 7 7
10000000000000000000000101110101 3 19 43 7 7 7 7 7 7
10000000000000000000000101110111 199 2 967 7 7 7 7 7 7
10000000000000000000000101111011 3 2 5 7 7 7 7 7 7
10000000000000000000000101111111 7 13 3 7 7 7 7 7 7
10000000000000000000000110000001 3 2 5 7 7 7 7 7 7
10000000000000000000000110000011 5 41131 172849 7 7 7 7 7 7
10000000000000000000000110000111 3 2 3 7 7 7 7 7 7
10000000000000000000000110001101 3 2 3 7 7 7 7 7 7
10000000000000000000000110001111 17 5 23 7 7 7 7 7 7
10000000000000000000000110010001 31 11 11 7 7 7 7 7 7
10000000000000000000000110010011 3 2 3 7 7 7 7 7 7
10000000000000000000000110010101 11 2 3 7 7 7 7 7 7
10000000000000000000000110010111 5 41 7 7 7 7 7 7 7
10000000000000000000000110011001 3 2 3 7 7 7 7 7 7
10000000000000000000000110011011 7 23 6043 7 7 7 7 7 7
10000000000000000000000110011111 3 2 5 7 7 7 7 7 7
10000000000000000000000110100001 5 7 19 7 7 7 7 7 7
10000000000000000000000110100011 67 2 3 7 7 7 7 7 7
10000000000000000000000110100101 3 2 3 7 7 7 7 7 7
10000000000000000000000110100111 239 17 293 7 7 7 7 7 7
10000000000000000000000110101001 7 2 3 7 7 7 7 7 7
10000000000000000000000110101011 3 103 11 7 7 7 7 7 7
10000000000000000000000110101101 61 5 37 7 7 7 7 7 7
10000000000000000000000110101111 13 2 7211 7 7 7 7 7 7
10000000000000000000000110110001 3 2 3 7 7 7 7 7 7
10000000000000000000000110110101 5 139 113 7 7 7 7 7 7
10000000000000000000000110110111 3 2 5 7 7 7 7 7 7
10000000000000000000000110111001 283 83 89 7 7 7 7 7 7
10000000000000000000000110111011 29443 2 349 7 7 7 7 7 7
10000000000000000000000110111101 3 2 5 7 7 7 7 7 7
10000000000000000000000110111111 5 229 3 7 7 7 7 7 7
10000000000000000000000111000001 11 5 13 7 7 7 7 7 7
10000000000000000000000111000011 3 2 3 7 7 7 7 7 7
10000000000000000000000111000101 7 2 3 7 7 7 7 7 7
10000000000000000000000111000111 977 11 29 7 7 7 7 7 7
10000000000000000000000111001001 3 2 3 7 7 7 7 7 7
10000000000000000000000111001011 37 5 71 7 7 7 7 7 7
10000000000000000000000111001111 3 2 5 7 7 7 7 7 7
10000000000000000000000111010001 43 2 3 7 7 7 7 7 7
10000000000000000000000111010011 5 19 13 7 7 7 7 7 7
10000000000000000000000111010101 3 5 19 7 7 7 7 7 7
10000000000000000000000111011011 3 2 5 7 7 7 7 7 7
10000000000000000000000111011101 5 2 44651 7 7 7 7 7 7
10000000000000000000000111011111 1051 5 3 7 7 7 7 7 7
10000000000000000000000111100001 3 2 3 7 7 7 7 7 7
10000000000000000000000111100011 13 2273 188452399 7 7 7 7 7 7
10000000000000000000000111100101 29 53 13 7 7 7 7 7 7
10000000000000000000000111100111 3 2 5 7 7 7 7 7 7
10000000000000000000000111101001 461 5 11 7 7 7 7 7 7
10000000000000000000000111101011 19 2 13 7 7 7 7 7 7
10000000000000000000000111101101 3 2 5 7 7 7 7 7 7
10000000000000000000000111101111 7 13 3 7 7 7 7 7 7
10000000000000000000000111110011 3 2 5 7 7 7 7 7 7
10000000000000000000000111110101 17 2 29 7 7 7 7 7 7
10000000000000000000000111110111 157 43 3 7 7 7 7 7 7
10000000000000000000000111111001 3 2 5 7 7 7 7 7 7
10000000000000000000000111111011 5 7 3 7 7 7 7 7 7
10000000000000000000000111111101 7 5 3 7 7 7 7 7 7
10000000000000000000000111111111 3 2 5 7 7 7 7 7 7
10000000000000000000001000000011 11 2 409 7 7 7 7 7 7
10000000000000000000001000000101 3 2 5 7 7 7 7 7 7
10000000000000000000001000001001 8849 2 7 7 7 7 7 7 7
10000000000000000000001000001011 3 17 131 7 7 7 7 7 7
10000000000000000000001000001101 31 11 11 7 7 7 7 7 7
10000000000000000000001000001111 5 2 3 7 7 7 7 7 7
10000000000000000000001000010001 3 2 5 7 7 7 7 7 7
10000000000000000000001000010011 131 5 7 7 7 7 7 7 7
10000000000000000000001000010101 37 43891 23 7 7 7 7 7 7
10000000000000000000001000010111 3 2 3 7 7 7 7 7 7
10000000000000000000001000011011 6421 2 3 7 7 7 7 7 7
10000000000000000000001000011101 3 2 3 7 7 7 7 7 7
10000000000000000000001000100001 631 2 29 7 7 7 7 7 7
10000000000000000000001000100011 3 31 1097 7 7 7 7 7 7
10000000000000000000001000100111 7 2 3 7 7 7 7 7 7
10000000000000000000001000101001 3 7 13 7 7 7 7 7 7
10000000000000000000001000101101 5 2 3 7 7 7 7 7 7
10000000000000000000001000101111 3 131 1009 7 7 7 7 7 7
10000000000000000000001000110001 13 5 265662937 7 7 7 7 7 7
10000000000000000000001000110011 1949 2 3 7 7 7 7 7 7
10000000000000000000001000110101 3 2 3 7 7 7 7 7 7
10000000000000000000001000110111 5 17 19 7 7 7 7 7 7
10000000000000000000001000111001 17 2 3 7 7 7 7 7 7
10000000000000000000001000111011 3 5 13 7 7 7 7 7 7
10000000000000000000001001000001 3 2 5 7 7 7 7 7 7
10000000000000000000001001000011 7 7 227 7 7 7 7 7 7
10000000000000000000001001000111 3 2 3 7 7 7 7 7 7
10000000000000000000001001001011 5 2 3 7 7 7 7 7 7
10000000000000000000001001001101 3 2 3 7 7 7 7 7 7
10000000000000000000001001010001 7 509 290137 7 7 7 7 7 7
10000000000000000000001001010011 3 2 3 7 7 7 7 7 7
10000000000000000000001001010101 5 2 3 7 7 7 7 7 7
10000000000000000000001001010111 71 19 11927527 7 7 7 7 7 7
10000000000000000000001001011001 3 2 3 7 7 7 7 7 7
10000000000000000000001001011011 11 13 31 7 7 7 7 7 7
10000000000000000000001001011101 19 17 7 7 7 7 7 7 7
10000000000000000000001001011111 3 2 5 7 7 7 7 7 7
10000000000000000000001001100101 3 2 3 7 7 7 7 7 7
10000000000000000000001001100111 23 5 11 7 7 7 7 7 7
10000000000000000000001001101001 5 2 3 7 7 7 7 7 7
10000000000000000000001001101011 3 161753 7 7 7 7 7 7 7
10000000000000000000001001110001 3 2 3 7 7 7 7 7 7
10000000000000000000001001110011 5 1093 43 7 7 7 7 7 7
10000000000000000000001001110111 3 2 5 7 7 7 7 7 7
10000000000000000000001001111001 613 37 7 7 7 7 7 7 7
10000000000000000000001001111011 7 2 1609 7 7 7 7 7 7
10000000000000000000001001111101 3 2 5 7 7 7 7 7 7
10000000000000000000001001111111 13 11 3 7 7 7 7 7 7
10000000000000000000001010000001 73 2 1999 7 7 7 7 7 7
10000000000000000000001010000011 3 19 7 7 7 7 7 7 7
10000000000000000000001010000101 89 41 463 7 7 7 7 7 7
10000000000000000000001010000111 5 2 3 7 7 7 7 7 7
10000000000000000000001010001001 3 5 11 7 7 7 7 7 7
10000000000000000000001010001011 2579 2 3 7 7 7 7 7 7
10000000000000000000001010001101 59 2 3 7 7 7 7 7 7
10000000000000000000001010001111 3 115151 24919 7 7 7 7 7 7
10000000000000000000001010010001 5 89 7 7 7 7 7 7 7
10000000000000000000001010010011 29 2 3 7 7 7 7 7 7
10000000000000000000001010010101 3 2 3 7 7 7 7 7 7
10000000000000000000001010011001 13 2 3 7 7 7 7 7 7
10000000000000000000001010011101 11 5 1019 7 7 7 7 7 7
10000000000000000000001010011111 17 2 7 7 7 7 7 7 7
10000000000000000000001010100001 3 9643 73 7 7 7 7 7 7
10000000000000000000001010100011 37369 2 3 7 7 7 7 7 7
10000000000000000000001010100101 5 2 3 7 7 7 7 7 7
10000000000000000000001010100111 3 41 149 7 7 7 7 7 7
10000000000000000000001010101001 19 2 3 7 7 7 7 7 7
10000000000000000000001010011011 3 79 137350597 7 7 7 7 7 7
10000000000000000000001010101111 5 2 17 7 7 7 7 7 7
10000000000000000000001010110011 3 5 269 7 7 7 7 7 7
10000000000000000000001010110101 307 997 11 7 7 7 7 7 7
10000000000000000000001010110111 233 2 193 7 7 7 7 7 7
10000000000000000000001010111001 3 7 13 7 7 7 7 7 7
10000000000000000000001010111011 41 2 7 7 7 7 7 7 7
10000000000000000000001010111111 3 59 3 7 7 7 7 7 7
10000000000000000000001011000001 7 7 89 7 7 7 7 7 7
10000000000000000000001011000011 5 2 3 7 7 7 7 7 7
10000000000000000000001011000101 3 2 3 7 7 7 7 7 7
10000000000000000000001011000111 31 263 2269 7 7 7 7 7 7
10000000000000000000001011001001 11 2 3 7 7 7 7 7 7
10000000000000000000001011001111 7 2 1549319 7 7 7 7 7 7
10000000000000000000001011010001 3 2 3 7 7 7 7 7 7
10000000000000000000001011010011 43 7 107 7 7 7 7 7 7
10000000000000000000001011010101 421 11 53 7 7 7 7 7 7
10000000000000000000001011010111 3 2 5 7 7 7 7 7 7
10000000000000000000001011011011 47 2 11 7 7 7 7 7 7
10000000000000000000001011011101 3 2 5 7 7 7 7 7 7
10000000000000000000001011011111 11 31 3 7 7 7 7 7 7
10000000000000000000001011100001 5 2 3 7 7 7 7 7 7
10000000000000000000001011100011 3 3402271 11 7 7 7 7 7 7
10000000000000000000001011100101 71 7 173 7 7 7 7 7 7
10000000000000000000001011100111 13 2 13 7 7 7 7 7 7
10000000000000000000001011101001 3 6173 7 7 7 7 7 7 7
10000000000000000000001011101011 5 2 17 7 7 7 7 7 7
10000000000000000000001011101101 8713 2 9003233 7 7 7 7 7 7
10000000000000000000001011101111 3 627559 3 7 7 7 7 7 7
10000000000000000000001011110001 23 617 113 7 7 7 7 7 7
10000000000000000000001011110011 37 2 7 7 7 7 7 7 7
10000000000000000000001011110101 3 2 5 7 7 7 7 7 7
10000000000000000000001011110111 1153 7 3 7 7 7 7 7 7
10000000000000000000001011111011 3 11 3 7 7 7 7 7 7
10000000000000000000001011111101 79 8354807 3 7 7 7 7 7 7
10000000000000000000001011111111 5 2 17 7 7 7 7 7 7
10000000000000000000001100000001 3 2 5 7 7 7 7 7 7
10000000000000000000001100000011 59 5 161932759 7 7 7 7 7 7
10000000000000000000001100000101 17 7 11 7 7 7 7 7 7
10000000000000000000001100000111 3 2 3 7 7 7 7 7 7
10000000000000000000001100001001 5 8779853 1987 7 7 7 7 7 7
10000000000000000000001100001011 11 2 3 7 7 7 7 7 7
10000000000000000000001100001101 3 2 3 7 7 7 7 7 7
10000000000000000000001100001111 113 211 13 7 7 7 7 7 7
10000000000000000000001100010011 3 2 3 7 7 7 7 7 7
10000000000000000000001100010101 7 2 3 7 7 7 7 7 7
10000000000000000000001100011001 3 2 3 7 7 7 7 7 7
10000000000000000000001100011011 13 73 11 7 7 7 7 7 7
10000000000000000000001100011101 5 224669 331 7 7 7 7 7 7
10000000000000000000001100011111 3 2 5 7 7 7 7 7 7
10000000000000000000001100100001 11 5 37 7 7 7 7 7 7
10000000000000000000001100100011 7 2 3 7 7 7 7 7 7
10000000000000000000001100100101 3 2 3 7 7 7 7 7 7
10000000000000000000001100100111 5 5031833 61 7 7 7 7 7 7
10000000000000000000001100101001 43 2 3 7 7 7 7 7 7
10000000000000000000001100101011 3 5 2027 7 7 7 7 7 7
10000000000000000000001100101111 373 2 883 7 7 7 7 7 7
10000000000000000000001100110001 3 2 3 7 7 7 7 7 7
10000000000000000000001100110011 877 4945103 349 7 7 7 7 7 7
10000000000000000000001100110101 13 5 60689 7 7 7 7 7 7
10000000000000000000001100110111 3 2 5 7 7 7 7 7 7
10000000000000000000001100111001 47 139 23 7 7 7 7 7 7
10000000000000000000001100111011 5 2 47 7 7 7 7 7 7
10000000000000000000001100111101 3 2 5 7 7 7 7 7 7
10000000000000000000001100111111 7 5 3 7 7 7 7 7 7
10000000000000000000001101000001 19 229 347 7 7 7 7 7 7
10000000000000000000001101000011 3 2 3 7 7 7 7 7 7
10000000000000000000001101000101 5 2 3 7 7 7 7 7 7
10000000000000000000001101000111 271 359 478139 7 7 7 7 7 7
10000000000000000000001101001001 3 2 3 7 7 7 7 7 7
10000000000000000000001011111001 7 2 1530791929 7 7 7 7 7 7
10000000000000000000001101001111 3 2 5 7 7 7 7 7 7
10000000000000000000001101010001 30757 2 3 7 7 7 7 7 7
10000000000000000000001101010101 3 127 7901 7 7 7 7 7 7
10000000000000000000001101010111 38903 2 11 7 7 7 7 7 7
10000000000000000000001101011001 5 7481531 7 7 7 7 7 7 7
10000000000000000000001101011011 3 2 5 7 7 7 7 7 7
10000000000000000000001101011101 359 2 73 7 7 7 7 7 7
10000000000000000000001101011111 41 7 3 7 7 7 7 7 7
10000000000000000000001101100001 3 2 3 7 7 7 7 7 7
10000000000000000000001101100011 5 7 103 7 7 7 7 7 7
10000000000000000000001101100111 3 2 5 7 7 7 7 7 7
10000000000000000000001101101001 7 11 33827 7 7 7 7 7 7
10000000000000000000001101101011 17 2 1789 7 7 7 7 7 7
10000000000000000000001101101101 3 2 5 7 7 7 7 7 7
10000000000000000000001101110001 127 5 43 7 7 7 7 7 7
10000000000000000000001101110011 3 2 5 7 7 7 7 7 7
10000000000000000000001101110101 4877 2 23 7 7 7 7 7 7
10000000000000000000001101110111 5 11 3 7 7 7 7 7 7
10000000000000000000001101111001 3 2 5 7 7 7 7 7 7
10000000000000000000001101111011 23 5 3 7 7 7 7 7 7
10000000000000000000001101111111 3 2 5 7 7 7 7 7 7
10000000000000000000001110000001 5 11 11 7 7 7 7 7 7
10000000000000000000001110000011 13 2 3 7 7 7 7 7 7
10000000000000000000001110000101 3 2 3 7 7 7 7 7 7
10000000000000000000001110000111 37 122833 73 7 7 7 7 7 7
10000000000000000000001110001011 3 62627 167 7 7 7 7 7 7
10000000000000000000001110001101 17 5 13 7 7 7 7 7 7
10000000000000000000001110001111 11 2 20981 7 7 7 7 7 7
10000000000000000000001110010001 3 2 3 7 7 7 7 7 7
10000000000000000000001110010111 3 2 5 7 7 7 7 7 7
10000000000000000000001110011011 79 2 7 7 7 7 7 7 7
10000000000000000000001110011101 3 2 5 7 7 7 7 7 7
10000000000000000000001110100001 7 2 3 7 7 7 7 7 7
10000000000000000000001110100011 3 5 41 7 7 7 7 7 7
10000000000000000000001110100111 25031 2 686485573 7 7 7 7 7 7
10000000000000000000001110101011 457 2 691 7 7 7 7 7 7
10000000000000000000001110101101 197 2 2729 7 7 7 7 7 7
10000000000000000000001110101111 3 13 3 7 7 7 7 7 7
10000000000000000000001110110011 5 2 14431409 7 7 7 7 7 7
10000000000000000000001110110101 3 2 5 7 7 7 7 7 7
10000000000000000000001110110111 13 5 3 7 7 7 7 7 7
10000000000000000000001110111011 3 24247 3 7 7 7 7 7 7
10000000000000000000001110111101 5 13 3 7 7 7 7 7 7
10000000000000000000001110111111 31 2 11 7 7 7 7 7 7
10000000000000000000001111000001 3 2 3 7 7 7 7 7 7
10000000000000000000001111000111 3 2 5 7 7 7 7 7 7
10000000000000000000001111001011 7 2 1062343 7 7 7 7 7 7
10000000000000000000001111001101 3 2 5 7 7 7 7 7 7
10000000000000000000001111001111 31379 17 3 7 7 7 7 7 7
10000000000000000000001111010001 5 5701 3793 7 7 7 7 7 7
10000000000000000000001111010011 3 2 5 7 7 7 7 7 7
10000000000000000000001111010101 43 2 97 7 7 7 7 7 7
10000000000000000000001111010111 23 21787 3 7 7 7 7 7 7
10000000000000000000001111011001 3 2 5 7 7 7 7 7 7
10000000000000000000001111011011 5 101 3 7 7 7 7 7 7
10000000000000000000001111011101 28603 5 3 7 7 7 7 7 7
10000000000000000000001111011111 3 2 5 7 7 7 7 7 7
10000000000000000000001111100011 9941 2 13 7 7 7 7 7 7
10000000000000000000001111100101 3 2 5 7 7 7 7 7 7
10000000000000000000001111100111 7 13 3 7 7 7 7 7 7
10000000000000000000001111101001 89 2 19 7 7 7 7 7 7
10000000000000000000001111101111 5 2 17 7 7 7 7 7 7
10000000000000000000001111110001 3 2 5 7 7 7 7 7 7
10000000000000000000001111110011 17 5 3 7 7 7 7 7 7
10000000000000000000001111110101 7 13 3 7 7 7 7 7 7
10000000000000000000001111110111 3 2 5 7 7 7 7 7 7
10000000000000000000001111111001 5 19 3 7 7 7 7 7 7
10000000000000000000001111111011 2543 2 317 7 7 7 7 7 7
10000000000000000000001111111101 3 2 5 7 7 7 7 7 7
10000000000000000000001111111111 19 29 3257 7 7 7 7 7 7
10000000000000000000010000000001 71 59 3 7 7 7 7 7 7
10000000000000000000010000000011 3 2 5 7 7 7 7 7 7
10000000000000000000010000000101 13 2 11 7 7 7 7 7 7
10000000000000000000010000001001 3 2 5 7 7 7 7 7 7
10000000000000000000010000001011 263 103 7 7 7 7 7 7 7
10000000000000000000010000001111 3 2 3 7 7 7 7 7 7
10000000000000000000010000010001 7 2 23 7 7 7 7 7 7
10000000000000000000010000010011 11 13 29 7 7 7 7 7 7
10000000000000000000010000010101 3 7 13 7 7 7 7 7 7
10000000000000000000010000010111 5 2 3 7 7 7 7 7 7
10000000000000000000010000011011 3 2 3 7 7 7 7 7 7
10000000000000000000010000011101 149 2 3 7 7 7 7 7 7
10000000000000000000010000011111 7 37 193073 7 7 7 7 7 7
10000000000000000000010000100001 3 2 5 7 7 7 7 7 7
10000000000000000000010000100011 5869 359 11 7 7 7 7 7 7
10000000000000000000010000100111 3 2 3 7 7 7 7 7 7
10000000000000000000010000101001 11 11 19 7 7 7 7 7 7
10000000000000000000010000101011 5 2 3 7 7 7 7 7 7
10000000000000000000010000101101 3 2 3 7 7 7 7 7 7
10000000000000000000010000101111 367 89 103 7 7 7 7 7 7
10000000000000000000010000110011 3 2 3 7 7 7 7 7 7
10000000000000000000010000110101 5 2 3 7 7 7 7 7 7
10000000000000000000010000110111 17 11 7 7 7 7 7 7 7
10000000000000000000010000111001 3 2 3 7 7 7 7 7 7
10000000000000000000010000111011 7 59 4230631 7 7 7 7 7 7
10000000000000000000010000111111 3 2 5 7 7 7 7 7 7
10000000000000000000010001000001 67 2 61 7 7 7 7 7 7
10000000000000000000010001000011 163 11 7 7 7 7 7 7 7
10000000000000000000010001000101 3 5 389 7 7 7 7 7 7
10000000000000000000010001000111 509 2 3 7 7 7 7 7 7
10000000000000000000010001001001 5 87517 3186451 7 7 7 7 7 7
10000000000000000000010001001011 3 2 3 7 7 7 7 7 7
10000000000000000000010001001101 571 2 3 7 7 7 7 7 7
10000000000000000000010001010001 3 71 7 7 7 7 7 7 7
10000000000000000000010001010011 5 2 3 7 7 7 7 7 7
10000000000000000000010001010101 11 2 3 7 7 7 7 7 7
10000000000000000000010001010111 3 2220671 11 7 7 7 7 7 7
10000000000000000000010001011001 17 2 3 7 7 7 7 7 7
10000000000000000000010001011101 3 7 13 7 7 7 7 7 7
10000000000000000000010001011111 28859 2 7 7 7 7 7 7 7
10000000000000000000010001100001 23 7 11 7 7 7 7 7 7
10000000000000000000010001100011 3 2 3 7 7 7 7 7 7
10000000000000000000010001100101 7 2 3 7 7 7 7 7 7
10000000000000000000010001100111 5 57557 31 7 7 7 7 7 7
10000000000000000000010001101001 3 2 3 7 7 7 7 7 7
10000000000000000000010001101101 13 5 149 7 7 7 7 7 7
10000000000000000000010001101111 3 2 5 7 7 7 7 7 7
10000000000000000000010001110001 5 2 3 7 7 7 7 7 7
10000000000000000000010001110011 7 7 47 7 7 7 7 7 7
10000000000000000000010001110101 3 11 578401 7 7 7 7 7 7
10000000000000000000010001111011 3 2 5 7 7 7 7 7 7
10000000000000000000010001111101 12829 2 19776101 7 7 7 7 7 7
10000000000000000000010001111111 347 791387 3 7 7 7 7 7 7
10000000000000000000010010000001 3 2 5 7 7 7 7 7 7
10000000000000000000010010000011 6203 7 53 7 7 7 7 7 7
10000000000000000000010010000101 5 53 40763 7 7 7 7 7 7
10000000000000000000010010000111 3 2 3 7 7 7 7 7 7
10000000000000000000010010001001 61 491 7 7 7 7 7 7 7
10000000000000000000010010001011 173 2 3 7 7 7 7 7 7
10000000000000000000010010001101 3 2 3 7 7 7 7 7 7
10000000000000000000010010001111 5 13309 135859 7 7 7 7 7 7
10000000000000000000010010010001 181 5 41 7 7 7 7 7 7
10000000000000000000010010010011 3 2 3 7 7 7 7 7 7
10000000000000000000010010010111 11 17 47 7 7 7 7 7 7
10000000000000000000010010011001 3 2 3 7 7 7 7 7 7
10000000000000000000010010011011 89 5 227 7 7 7 7 7 7
10000000000000000000010010011101 7 47 137 7 7 7 7 7 7
10000000000000000000010010011111 3 2 5 7 7 7 7 7 7
10000000000000000000010010100001 13 378593 43609 7 7 7 7 7 7
10000000000000000000010010100011 5 2 3 7 7 7 7 7 7
10000000000000000000010010100101 3 2 3 7 7 7 7 7 7
10000000000000000000010010100111 41 7 7 7 7 7 7 7 7
10000000000000000000010010101001 6673 2 3 7 7 7 7 7 7
10000000000000000000010010101101 5 167 3257 7 7 7 7 7 7
10000000000000000000010010110001 3 2 3 7 7 7 7 7 7
10000000000000000000010010110101 907 1699 7 7 7 7 7 7 7
10000000000000000000010010110111 3 2 5 7 7 7 7 7 7
10000000000000000000010010111011 13 2 19 7 7 7 7 7 7
10000000000000000000010010111101 3 2 5 7 7 7 7 7 7
10000000000000000000010010111111 17 2543 3 7 7 7 7 7 7
10000000000000000000010011000001 5 31 7 7 7 7 7 7 7
10000000000000000000010011000011 3 2 3 7 7 7 7 7 7
10000000000000000000010011000111 7 5 13 7 7 7 7 7 7
10000000000000000000010011001001 3 2 3 7 7 7 7 7 7
10000000000000000000010011001011 5 7 598393493 7 7 7 7 7 7
10000000000000000000010011001111 3 2 5 7 7 7 7 7 7
